18
4
400 400 420 380
0 0 0 0 960
20 0 10 613 853
30 10 10 92 332
10 20 10 411 651
40 30 10 584 824
20 30 10 40 280
20 0 10 328 568
20 20 10 240 480
10 10 10 307 547
20 10 10 311 551
30 0 10 459 699
40 30 10 135 375
20 30 10 163 403
10 30 10 593 833
10 40 10 35 275
20 0 10 114 354
20 40 10 195 435
20 0 10 643 883
20 40 10 275 515
0 38 31 39 36 40 33 35 39 34 32 34 32 38 35 39 41 40 45
38 0 10 3 7 5 12 14 11 52 47 48 43 54 45 51 51 47 82
31 10 0 10 5 10 4 7 9 42 37 38 33 43 34 40 41 37 73
39 3 10 0 5 2 11 12 9 51 47 47 42 53 43 49 50 46 83
36 7 5 5 0 5 5 7 5 46 41 42 37 47 38 44 45 40 79
40 5 10 2 5 0 10 11 7 51 46 47 42 52 43 48 49 45 84
33 12 4 11 5 10 0 3 6 41 36 36 32 42 33 38 39 35 75
35 14 7 12 7 11 3 0 5 40 35 36 31 41 32 37 38 34 76
39 11 9 9 5 7 6 5 0 45 40 41 36 46 36 42 43 38 80
34 52 42 51 46 51 41 40 45 0 5 5 10 5 11 9 11 14 45
32 47 37 47 41 46 36 35 40 5 0 2 5 7 7 8 10 11 49
34 48 38 47 42 47 36 36 41 5 2 0 5 6 6 6 8 9 50
32 43 33 42 37 42 32 31 36 10 5 5 0 10 3 8 9 8 54
38 54 43 53 47 52 42 41 46 5 7 6 10 0 10 6 7 11 49
35 45 34 43 38 43 33 32 36 11 7 6 3 10 0 6 7 5 56
39 51 40 49 44 48 38 37 42 9 8 6 8 6 6 0 2 5 55
41 51 41 50 45 49 39 38 43 11 10 8 9 7 7 2 0 5 56
40 47 37 46 40 45 35 34 38 14 11 9 8 11 5 5 5 0 59
45 82 73 83 79 84 75 76 80 45 49 50 54 49 56 55 56 59 0
