15
3
250 200 200
0 0 0 0 240
20 0 10 71 191
30 10 10 30 150
10 20 10 64 184
40 30 10 151 161
20 30 10 40 160
20 0 10 96 123
20 20 10 35 155
10 10 10 101 111
20 10 10 101 111
30 0 10 123 144
40 30 10 69 79
20 30 10 32 152
10 30 10 152 162
10 40 10 35 117
20 0 10 68 78
0 38 31 39 36 40 33 35 39 34 32 34 32 38 35 39
38 0 10 3 7 5 12 14 11 52 47 48 43 54 45 51
31 10 0 10 5 10 4 7 9 42 37 38 33 43 34 40
39 3 10 0 5 2 11 12 9 51 47 47 42 53 43 49
36 7 5 5 0 5 5 7 5 46 41 42 37 47 38 44
40 5 10 2 5 0 10 11 7 51 46 47 42 52 43 48
33 12 4 11 5 10 0 3 6 41 36 36 32 42 33 38
35 14 7 12 7 11 3 0 5 40 35 36 31 41 32 37
39 11 9 9 5 7 6 5 0 45 40 41 36 46 36 42
34 52 42 51 46 51 41 40 45 0 5 5 10 5 11 9
32 47 37 47 41 46 36 35 40 5 0 2 5 7 7 8
34 48 38 47 42 47 36 36 41 5 2 0 5 6 6 6
32 43 33 42 37 42 32 31 36 10 5 5 0 10 3 8
38 54 43 53 47 52 42 41 46 5 7 6 10 0 10 6
35 45 34 43 38 43 33 32 36 11 7 6 3 10 0 6
39 51 40 49 44 48 38 37 42 9 8 6 8 6 6 0
